1;SuperChange;;0;54353
10;My-Xchange;878525859540;1019;43044
29;N-Change;;0;7540130
48;Exwp;800811812711;1763;104187
51;ExchangeX;687408836403;1907;472377
52;NetExchange;;0;218968
56;M-Obmen;963130820766;3155;395600
67;СуперОбменка;249714880659;4557;178564
382;Bit-Changer;;0;134357972
443;ОбменОМ;;0;215181
79;E-Obmen;;0;971232
80;Vmex;060994506852;1579;269224
83;Обменник.ws;249714880659;4557;10887
90;Ex-Money;;0;702443643
107;WM-Sha;881627402476;1710;6710
120;MagneticExchange;;0;185964
128;XMLGold;;0;1612473
142;WmPayCash;256939015533;2181;439284
152;Vilcov;;0;241622
154;eCashMe;878525859540;1019;71734
155;Z-Obmen;;0;60461
157;WmBox;329025066047;2163;42725
161;Обменник.ua;963130820766;3155;395111
170;XMoney;;0;515556
177;Alfacash;;0;2697166
184;Xchange;;0;440372706
197;WMSell;;0;45467
201;NixExchange;;0;1145585
208;Обмен.cc;;0;1492
218;A-Exchange;;0;214023
220;WMGlobus;;0;186887628
223;МультиВал;;0;152697
227;MoneyChange;;0;22715
238;E-Money;;0;1511550
239;E-Scrooge;;0;91044715
241;SimpleChange;174948279972;1415;1538
643;Bchange;;0;1225276
252;VIPchanger;397640011232;2192;1288914
730;WmMoney;445709135419;1389;4975
255;BazarMoney;250647852481;1081;8656
257;PM2WM;;0;100000
259;BTC2Cashin;;0;126324
268;Rapid-Obmen;;0;660250
269;Paspar;;0;30209
271;GoldObmen;;0;39329
273;ArmChange;;0;197507
274;MultiChange;;0;211035179
276;BTC2PM;;0;100000
277;BTC2WM;;0;100000
279;MChange;;0;970877592
281;Trust-Exchange;;0;12996407
291;Ukr-Obmen;;0;2263
297;Меняйко;192211650456;1605;24594
299;ObmenCash;;0;7333
306;Спасибо;632584157120;1601;233999
311;Cryptex24;;0;785350
320;100Монет;;0;13823072
324;Qipri;;0;884575
326;Матби;;0;737803
327;24Обмен;;0;23259
329;TytCoin;;0;215569
337;1WM;;0;39903
341;WMStream;185657319746;1666;149210467
346;UltraChange;;0;1507249
362;D-Obmen;;0;707953
364;N-Obmen;;0;29679
370;Obmenneg;426424364533;0;15497
372;HotExchange;;0;7381320
374;Echange;401537073488;1050;19545
375;CashTransfers;123974018633;68;47919354
377;ExBox;;0;69611555
380;FavoriteExchanger;266156638013;1263;1667108
385;ChangeMoney24;;0;75414031
387;365Cash;;0;392220
395;InternetMoney;;0;29863
397;AllCash;;0;18394200
399;CleanBTC;491088628726;0;4294967295
405;OpenChange;;0;58070745
409;5Минут;157677488095;365;4767
411;BTCBank;;0;255412
412;WW-Pay;;0;1887998
417;24PayBank;;0;745172072
421;Receive-Money;;0;598585
430;CoinTransfer;;0;37831455
433;Smart-Pays;;0;1430951
436;RealExchange;271040623560;1040;2285649
921;Сатоши;;0;5742656
437;RuChange;;0;32675
438;WestChange;;0;2217380
439;Makoli;;0;25413
441;PMCash;;0;18080
444;Конверт;;0;102881
445;24Online;;0;404097
447;SpbWMCasher;049282223299;0;619828489
456;SafePay;196907527892;1383;66456
455;FehuPay;;0;550148
830;EliteObmen;;0;8209249
458;Utbs;;0;2882378
460;Lionex;;0;155474
466;BtcChange24;;0;737694
464;MegaChange;380536951311;1293;47629
467;GoodObmen;;0;15769
468;Magnatus;;0;652662
469;MasterChange;238890286272;2076;68783090
471;ChBy;;0;190501619
472;Changer4u;;0;738949
473;ImExchanger;;0;65115457
474;SuperChangeNet;;0;505133
475;ObmenPP;;0;726246
489;ZB;;0;0
488;FastChange;;0;25981191
490;O-Paxum;;0;86380
498;Kraken;;0;0
499;Huobi;;0;0
502;OkCoin;;0;0
500;BitStamp;;0;0
504;OKEx;;0;0
497;Cexio;;0;0
496;Bitfinex;;0;0
492;Poloniex;;0;0
797;Excoin;;0;82019862
501;Currency;;0;0
503;HitBTC;;0;0
505;CryptoMate;;0;0
508;Gemini;;0;0
507;Bitkonan;;0;0
510;Binance;;0;0
509;TheRockTrading;;0;0
511;Bittrex;;0;0
512;CoinBase;;0;0
513;BitBay;;0;0
515;YoBit;;0;0
517;BaksMan;;0;435415468
521;Шахта;;0;17427965
522;Касса;;0;50283
519;BitExchanger;;0;122939875
526;FastExchange;;0;648126
528;WmExpress;;0;150237
532;QuickChange;;0;7568997
536;WuBill;;0;17152708
535;BitPayes;;0;82367
537;100BtcKiev;;0;22850421
539;NewLine;;0;839802420
544;Банкомат;;0;502194075
743;Treddr;894221020033;26;867281
546;NetEx24;;0;1303022
548;ObmenTop;191116885147;787;7661
550;PayBis;;0;2484972
551;RocketChange;697747012700;1939;5907600
555;Cashex;;0;270346912
556;ObmennCom;;0;50563
558;1Exchanger;;0;73304
559;MinedTrade;;0;7394783
561;BetaTransfer;;0;103410
562;Z-Exchange;;0;22451
565;Transfer24;;0;9695810
566;GetExchange;243633864016;0;23719
567;Coin-Bank;;0;23737
573;Биткоин24;;0;91554
575;Your-Coins;;0;95869
576;ObmenEW;;0;13222
577;Bit-Обменка;;0;32483589
580;4ange;;0;46975386
581;8Pay;437302142553;1153;1899344
584;F-Change;;0;717573
585;ObmenoFF;;0;702722
586;КэшБанк;;0;32736552
589;ObmenTech;421609434468;1536;0
588;7Money;;0;718972
590;ExMoney;;0;48908
599;iChanger;360880458968;1088;113591
603;RuBitok;;0;57958
608;GeeExchange;;0;48827434
606;CryptoMoney;;0;153882929
605;Buy-Bitcoins;;0;11811477
607;60сек;;0;861799401
609;ObmenMoney;279259009479;797;0
611;ChangerClub;;0;444299
614;El-Change;;0;572497
615;Pocket-Exchange;;0;55869
619;LeoExchanger;;0;102057
620;4Exchange;;0;83736
618;24BestEx;;0;33851681
624;VV-Obmen;;0;74317
622;ProstoCash;;0;1168318440
625;PayGet;;0;27369884
629;MonEx;189133223119;2812;964696
626;Best-Obmen;;0;54563285
640;BTC2Pay;;0;2704614
636;WorldChange;;0;122888229
664;BitHunter;;0;96887
667;BitMonsters;;0;180514
645;BtcBit;;0;7481040
681;CryptoHome;;0;1366506
635;Staff-Obmen;;0;22730
633;YChanger;;0;578464325
733;Bonanza-Obmen;;0;25582
736;Обменник-UZ;;0;11384
634;BestCoin;;0;8188269
668;MyCryptoMarket;;0;1903412
650;Real-Bit;;0;6517453
638;Bitcoin24SU;;0;639702
642;BuyBit;;0;43291
666;1Обмен;;0;23793948
655;BitStore;;0;8098172
709;Nexchange;;0;0
659;1-Online;;0;351565368
665;Perfect-Change;;0;19816
670;FastEx;;0;652363
652;LasloBit;;0;288114
731;BigBank;;0;843137
689;TransCoin;;0;5954997
651;Монетка;702499140547;860;37558
657;Easy-Changer;;0;495885
661;Ферма;;0;33648366
654;Ru-Bas;;0;146782
738;HASchange;;0;2278705
702;Papa-Change;;0;832342
660;FlyChange;290933993890;2905;5466156
714;Top-Exchange;;0;584179
719;ObmenLite24;483565345269;958;5599
715;Coins-Trade;;0;84367
658;BtcTenge;;0;21573746
762;TetChange;;0;1538842
686;1Mile;;0;13849
695;BTC-Обменник;;0;40388778
706;HoBit;;0;9060671
705;Cryptonex;;0;74965
713;CashOut;;0;1297281
701;WMCash;236702904683;1365;213987
749;BitOkk;;0;269436829
690;Fair-Exchange;413428403759;95;92341
685;BitCash;;0;1071716
684;100Bitcoins;;0;21370296
723;BitObmen;;0;474175
718;Platov;;0;17198560
704;Change-X;;0;24872828
692;C1kWorld;;0;28531822
688;ExchangeExpress;279259009479;797;0
710;Bittrend;;0;6184371
712;Criptify;;0;178009
755;Big-Changer;;0;31073
699;BitPro;;0;231343214
703;Obmen4you;320026778932;1346;12872
716;Bitok777;;0;968229
782;Tec-Bit;;0;83219
750;CashAdmin;;0;721656
763;PushPayer;753021635396;3;97919
758;CryptoBox;;0;17065702
741;BTCe-Obmen;;0;8007763
737;BonkyPay;232342940453;0;60046229
761;FlashObmen;;0;572724
754;ObmenIM;;0;136451
783;ОбменДенег;;0;0
770;BTC24pro;;0;1130122
779;MoneyMix;;0;211102
790;Турбина;;0;34503
785;PayMarket;;0;94606
775;AllWMCash;;0;1242555
804;PayBTC;;0;5444744
780;Bitcoin24Pro;;0;73155053
774;ОбменМонет;;0;10726064
766;UniCash;;0;109121603
764;NiceChange;;0;559812616
772;CoinPayMaster;;0;103846521
792;SberBit;;0;944222
799;Криптообменник;;0;183036
787;PrivatCash;;0;1198445
801;Coin-Future;;0;246523
793;IceBTC;;0;14148982
798;Quickex;;0;76122981
808;ChangeCoins;;0;505316
814;BitBits;;0;195641
835;7Pay;709807738416;1344;591888
827;Crypster;;0;16106544
812;Ex-Bank;;0;1661305
823;Обменочка;;0;89736
809;XbitMoney;155289860990;1355;650459
825;MyChanger;;0;731412
816;WM007;;0;25065
840;YoChange;;0;288119095
841;MegaChangeMe;432189717906;0;1921
838;AlfaExchange;;0;279750433
839;MyInvestStory;;0;2621
821;ExchangeTeam;;0;39497527
815;Belqi;;0;16279658
842;AllMoney;406103529800;225;0
850;Keine-Exchange;;0;3574515
846;ExchangeYourMoney;;0;657261
847;BitPride-Exchange;;0;145585715
848;SwapCoin;;0;20007854
852;RamonCash;;0;13534473
857;Paytiz;227421344645;224;4378645
855;CoinStart;;0;12740644
858;FixedFloat;;0;3044481
861;Fex24;;0;909495
865;Bixter;;0;14261822
869;ExpoChange;412963033166;0;81450291
866;Delets;;0;24525890
872;WM-Obmen;362955051206;1686;278655
895;CryptoBarMen;;0;0
867;Сумма;;0;6840499
870;Alfa-Trades;;0;243706
882;BuyBank;;0;4580472
881;AllTrustMe;;0;8444023
877;Об-мен;963523258975;141;187305
890;Bitcoff;631856629771;0;906117
884;Cryptex;;0;4198721
905;TraiderIdeal;;0;75429
902;BTC-Волга;;0;0
885;JPMarket;;0;147156600
897;AnonEx;;0;229885
888;GramBit;;0;4294967295
894;КупиБит;;0;4658254
887;KZObmen;;0;382438
898;Вобменка;;0;363749
906;CryptoHonest;;0;108444258
901;WMStar;310224582545;0;471704
899;CoinShop24;;0;293643479
900;Obmen-Box;;0;18819
896;CoinChanger;;0;142430
910;WMT;797230232341;0;21491
915;CoinGuru;;0;27090115
914;Ex-code;;0;0
989;CoinsBlack;890273718097;0;943535
913;Quantex;;0;9886059
917;Micro-exchange;;0;26189278
916;Cryptos;;0;749166
925;Sunduk;;0;231582
918;КриптоРай;;0;683127
939;EuroBit;;0;5150997
935;Wiki-Exchange;;0;267167866
922;PayWallet;;0;157689
923;HD-Change;;0;34669
943;TopCash;;0;798105
928;CriptoMoney24;;0;1294726
927;Msk-Exchange;;0;660568693
933;TytCash;;0;64179
929;RoyalCash;;0;803581689
930;Crypto-Store;;0;21419
942;ExHub;;0;71293497
944;EExchanger;330964771407;302;6397717
947;Dynasty-Pay;;0;187394
949;Coco-Pay;;0;13730647
948;AbcObmen;;0;707241055
951;PrideChange;;0;42980246
952;ExLine;;0;202651
954;EggChange;;0;608461350
961;MyBTC;;0;81925914
960;Crybex;195257639270;12;11948758
959;ExchangeKey;;0;54706216
953;Livex;;0;14256
956;Обменко;;0;6151944
958;24Zone;;0;74968858
962;StyleBTC;;0;143590
963;Global-Ex;;0;42678
955;AlfaBit;;0;20218468
966;BlaBlaChange;;0;31313181
964;ExBase;;0;21129854
1018;BissonExchange;;0;879276
967;КриптоОбмен;;0;394413
981;WMChanger;032757413663;0;2928251
1016;Банкир;;0;1188528
997;CoinJoin;;0;12228632
985;Tuco;;0;7511214
983;Bitality;;0;7987895
991;BtcLider;;0;846210786
968;CryptoMax;;0;139724324
973;Number1;;0;306913
977;CityBit;;0;0
984;Cash-Bit;;0;3472908
969;4Money;;0;89889482
994;TipTopObmen;;0;34571945
976;ChangeProject;;0;714867180
979;BitMinsk;;0;131829820
992;OneMoment;;0;28140782
970;AlfaChange;;0;296911217
987;Itez;;0;2320118
972;BigPay;865127628943;0;19702
974;BestKurs24;;0;165969
980;GrandChange;;0;277586988
975;PremierCash;;0;3352995
986;PayFull;;0;102538
1011;IChangeOne;137024936562;0;739360
1003;Crypto-Market24;;0;0
998;Момент;;0;15779
1027;Nordex;;0;2522369
1013;AvanChange;359556728149;250;47146925
1008;BroExchange;;0;2056053
1005;EezyCash;594705036984;3;8475679
1006;Сова;;0;253674
1002;ExCenter;;0;1630319
1001;CatBit;;0;9639544
1000;BazaObmena;;0;55909353
1014;Coin24;;0;19336764
1015;ТочкаОбмена;512160110371;0;13306
1020;Bit2Cash;;0;1263573
1010;Coinumm;;0;1747605
1017;Buyex;;0;223628
1032;Crypto-Bank;;0;631756
1026;Ripae;;0;1101
1021;Крипта;;0;372114
1009;CryptoShopping;;0;26599
1019;001K;156178959868;66;1908857
1029;SwiftChange;;0;12722064
1004;ExWm;910856141988;231;17377
1022;Change-Master;238890286272;2076;1800955
1038;Обама;455223738561;143;2062828
1036;CoinCat;;0;0
1028;BtcSale;;0;758863
1030;4Pay;;0;15812
1023;UnioChange;;0;243133
1033;CosmoChanger;;0;12202651
1025;GlobalBits;;0;14095575
1035;CryptoXchange;;0;6663033
1024;Just-Exchanger;;0;29375
1037;Crypik;;0;813796
1034;ClickPay;285857469245;74;418842
1047;Money-Office;;0;16004131
1046;Муха;;0;137392
1045;AgCash;;0;4068
1044;BitBong;;0;12033663
1041;AnyExchange;;0;247766
1042;CoinBox;;0;532825